[app/ui]
version = 9.0.1
modtime = 1667388121.404438300

[app/launcher]
version = 9.0.1
modtime = 1667388121.411438400
